
10002
10009
10062
10113
10153
10155
10210
10215
10265
1029
1044
1045
10481
10488
1050
1051
1052
1053
10538
1054
10660
10661
10664
10691
10716
10725
10732
10736
10865
11016
11063
1112
11166
11244
11278
113878
116113
116448
117581
121340
121599
121643
1385
1386
138715
1390
139628
1406
140628
144455
145258
145873
146198
147912
1482
148327
1523
153572
159296
1602
1628
1655
167826
170302
1745
1746
1747
1748
1749
1750
1820
1869
1870
1871
1874
1875
1876
190
1958
1959
196
1960
1961
1997
1998
1999
2000
2001
2002
2004
2005
2016
2018
2019
2020
2034
2063
2077
2099
2100
2101
2103
2104
2113
2114
2115
2117
2118
2119
2122
2186
221833
221937
22809
22882
22887
2290
22926
2294
22947
2295
2296
2297
2298
2299
2300
2301
23013
2302
2303
2304
2305
2306
2308
2309
23126
2313
23152
23314
23316
2353
2354
2355
23764
2494
2516
2551
256297
25803
26205
2623
2624
2625
26257
2626
2627
26298
26468
2649
26581
26582
26583
26584
2672
27022
27023
27086
2735
2736
2737
2738
283150
283571
28999
2908
2909
2971
30009
30012
30062
30812
30813
3084
3090
3091
3096
3097
3148
3164
3167
3169
3170
3171
3172
3174
3175
3182
3190
3195
3196
3198
3199
3200
3201
3202
3203
3204
3205
3206
3207
3209
3211
3212
3213
3214
3215
3216
3217
3218
3219
3221
3224
3225
3226
3227
3228
3229
3231
3232
3233
3234
3235
3236
3237
3238
3239
326
3299
333929
3344
338917
3397
3398
3399
3400
343552
344018
347853
3607
3659
3660
3661
3662
3663
3664
3665
367
3670
3725
3726
3727
389692
390874
390992
391723
3975
401
4010
405
406
4088
4090
4093
4094
4097
4149
4150
4205
4208
4209
4211
4212
4223
4286
429
4297
4303
4306
431707
4335
4487
4488
4601
4602
4603
4605
4609
4610
4613
4617
4618
4654
4656
466
4661
467
468
474
4760
4761
4762
4772
4773
4774
4775
4776
4778
4779
4780
4781
4782
4783
4784
4790
4791
4798
4799
4800
4801
4802
4808
4821
4824
4825
4849
4854
4899
4901
4904
4929
4990
5013
5015
50674
5075
5076
5077
5078
5079
5080
50805
5081
5083
5087
5090
5093
50943
50945
51176
51450
51621
51804
5187
5241
5307
5308
5309
5324
5325
5326
5371
54345
5451
5452
5453
5454
5457
5459
5460
54626
5463
5465
5467
5468
54738
55079
55553
55734
55810
55840
55892
56033
5626
5629
56751
56917
56938
56956
57057
571
57491
5813
5814
58158
58495
5914
5915
5916
5925
5966
5970
5971
5978
5989
5990
5991
5992
5993
604
60468
6095
6096
6097
6256
6257
6258
6304
639
63973
63974
64211
64321
64344
644524
64754
64764
64843
6492
6493
6495
6496
6591
6615
6651
6656
6657
6658
6659
6660
6662
6663
6664
6665
6667
6670
6671
668
6688
6689
6720
6721
6722
6736
6772
6773
6774
6775
6776
6777
6778
6862
688
6887
6899
6909
6910
6911
6913
6925
6926
6929
6932
6934
6938
6939
6941
6942
6943
7003
7004
7005
7008
7019
7025
7026
7027
7041
7067
7068
7101
7157
7181
7182
7247
7270
7343
7376
7391
7421
7490
7494
7528
7541
7545
7546
7547
7704
7709
7716
7849
79190
79191
79192
79365
79727
7975
79923
8013
8022
8061
80712
8320
83439
83482
83855
83881
8403
84099
84107
84159
8431
84504
84524
8456
8463
84699
84913
8521
85416
860
8609
861
864
8804
8820
8856
8863
8864
8928
8929
89884
9095
9096
90993
9242
9247
9314
9355
93986
9421
94234
9464
9479
9480
9489
9496
9519
9569
9572
9575
9580
9586
9603
988
9915
9935
9970
9971
9975
9988
EntrezGene
